%TGIF 4.1.18
state(0,37,100.000,343,438,0,8,1,8,2,2,0,0,0,0,1,0,'Ryumin-Light-EUC-H',0,103680,0,0,0,10,0,0,1,1,0,16,0,0,1,1,1,1,1088,1408,1,0,2880,0).
%
% @(#)$Header: /avec/cvsroot/debian/plain2/debian/jmodules,v 1.1 1999/10/01 01:58:20 kohda Exp $
% %W%
%
unit("1 pixel/pixel").
shapeshadow(2,2).
color_info(11,65535,0,[
	"magenta", 65535, 0, 65535, 65535, 0, 65535, 1,
	"red", 65535, 0, 0, 65535, 0, 0, 1,
	"green", 0, 65535, 0, 0, 65535, 0, 1,
	"blue", 0, 0, 65535, 0, 0, 65535, 1,
	"yellow", 65535, 65535, 0, 65535, 65535, 0, 1,
	"pink", 65535, 49931, 53052, 65535, 49344, 52171, 1,
	"cyan", 0, 65535, 65535, 0, 65535, 65535, 1,
	"CadetBlue", 22885, 40569, 42649, 24415, 40606, 41120, 1,
	"white", 65535, 65535, 65535, 65535, 65535, 65535, 1,
	"black", 0, 0, 0, 0, 0, 0, 1,
	"DarkSlateGray", 10402, 19764, 18724, 12079, 20303, 20303, 1
]).
script_frac("0.6").
fg_bg_colors('white','Black').
page(1,"",1,'').
poly('white','',2,[
	788,296,888,428],1,1,1,123,0,0,0,0,0,0,0,'1',0,0,
    "0","",[
    0,8,3,0,'8','3','0'],[0,8,3,0,'8','3','0'],[
]).
polygon('white','',11,[
	352,392,596,392,596,416,504,416,492,424,492,468,516,476,596,476,
	596,512,352,512,352,392],2,1,1,0,25,0,0,0,0,0,'1',0,
    "000",[
]).
poly('white','',2,[
	544,464,476,484],1,3,1,90,0,0,0,0,0,0,0,'3',0,0,
    "0","",[
    0,12,5,0,'12','5','0'],[0,12,5,0,'12','5','0'],[
]).
text('white',408,269,1,0,1,84,13,12,11,2,0,0,0,0,2,84,13,0,0,"",0,0,0,0,280,'',[
minilines(84,13,0,0,0,0,0,[
mini_line(84,11,2,0,0,0,[
str_block(0,84,11,2,0,0,0,0,0,[
str_seg('white','Ryumin-Light-EUC-H',0,69120,84,11,2,0,0,0,1,1,0,0,
	"\306\376\316\317\245\263\241\274\245\311\312\321\264\271")])
])
])]).
group([
text('white',410,541,1,0,1,84,13,12,11,2,0,0,0,0,2,84,13,0,0,"",0,0,0,0,552,'',[
minilines(84,13,0,0,0,0,0,[
mini_line(84,11,2,0,0,0,[
str_block(0,84,11,2,0,0,0,0,0,[
str_seg('white','Ryumin-Light-EUC-H',0,69120,84,11,2,0,0,0,1,1,0,0,
	"\275\320\316\317\245\263\241\274\245\311\312\321\264\271")])
])
])]),
box('white','',384,536,512,560,0,2,1,29,0,0,0,0,0,'2',0,[
])
],
124,0,0,[
]).
group([
text('white',420,321,1,0,1,56,15,16,13,2,0,0,0,0,2,56,15,0,0,"",0,0,0,0,334,'',[
minilines(56,15,0,0,0,0,0,[
mini_line(56,13,2,0,0,0,[
str_block(0,56,13,2,0,0,0,0,0,[
str_seg('white','Ryumin-Light-EUC-H',0,80640,56,13,2,0,0,0,1,1,0,0,
	"\312\270\275\361\262\362\300\317")])
])
])]),
box('white','',384,304,512,352,0,2,1,27,0,0,0,0,0,'2',0,[
])
],
125,0,0,[
]).
box('white','',384,264,512,288,0,2,1,47,0,0,0,0,0,'2',0,[
]).
group([
polygon('white','',9,[
	416,176,416,232,480,232,480,160,432,160,416,176,428,176,432,160,
	416,176],2,2,1,0,34,0,0,0,0,0,'2',0,
    "000",[
]),
text('white',424,185,2,0,1,48,26,15,11,2,0,0,0,0,2,48,26,0,0,"",0,0,0,0,196,'',[
minilines(48,26,0,0,0,0,0,[
mini_line(48,11,2,0,0,0,[
str_block(0,48,11,2,0,0,0,0,0,[
str_seg('white','Ryumin-Light-EUC-H',0,69120,48,11,2,0,0,0,1,1,0,0,
	"\244\331\244\277\275\361\244\255")])
]),
mini_line(24,11,2,0,0,0,[
str_block(0,24,11,2,0,0,0,0,0,[
str_seg('white','Ryumin-Light-EUC-H',0,69120,24,11,2,0,0,0,1,1,0,0,
	"\312\270\275\361")])
])
])])
],
126,0,0,[
]).
polygon('white','',9,[
	416,624,416,680,480,680,480,608,432,608,416,624,428,624,432,608,
	416,624],2,2,1,0,52,0,0,0,0,0,'2',0,
    "000",[
]).
text('white',420,636,1,0,1,55,20,53,15,5,0,0,0,0,2,55,20,0,0,"",0,0,0,0,651,'',[
minilines(55,20,0,0,0,0,0,[
mini_line(55,15,5,0,0,0,[
str_block(0,55,15,5,0,-1,0,0,0,[
str_seg('white','Courier-Bold',1,103680,55,15,5,0,-1,0,0,0,0,0,
	"LaTeX")])
])
])]).
box('white','',518,428,596,464,2,2,1,24,0,0,0,0,0,'2',0,[
]).
box('white','',424,428,476,464,2,2,1,38,0,0,0,0,0,'2',0,[
]).
text('white',332,364,1,0,1,70,17,18,14,3,0,0,0,0,2,70,17,0,0,"",0,0,0,0,378,'',[
minilines(70,17,0,0,0,0,0,[
mini_line(70,14,3,0,0,0,[
str_block(0,42,14,3,0,0,0,0,0,[
str_seg('white','Times-Roman',0,80640,42,14,3,0,0,0,0,0,0,0,
	"LaTeX")]),
str_block(0,28,13,2,0,0,0,0,0,[
str_seg('white','Ryumin-Light-EUC-H',0,80640,28,13,2,0,0,0,1,1,0,0,
	"\275\320\316\317")])
])
])]).
group([
box('white','',374,428,414,464,2,2,1,41,0,0,0,0,0,'2',0,[
]),
text('white',376,433,2,0,1,36,26,19,11,2,0,0,0,0,2,36,26,0,0,"",0,0,0,0,444,'',[
minilines(36,26,0,0,0,0,0,[
mini_line(36,11,2,0,0,0,[
str_block(0,36,11,2,0,0,0,0,0,[
str_seg('white','Ryumin-Light-EUC-H',0,69120,36,11,2,0,0,0,1,1,0,0,
	"\245\352\245\271\245\310")])
]),
mini_line(24,11,2,0,0,0,[
str_block(0,24,11,2,0,0,0,0,0,[
str_seg('white','Ryumin-Light-EUC-H',0,69120,24,11,2,0,0,0,1,1,0,0,
	"\275\320\316\317")])
])
])])
],
127,0,0,[
]).
text('white',426,433,2,0,1,48,26,12,11,2,0,0,0,0,2,48,26,0,0,"",0,0,0,0,444,'',[
minilines(48,26,0,0,0,0,0,[
mini_line(48,11,2,0,0,0,[
str_block(0,48,11,2,0,0,0,0,0,[
str_seg('white','Ryumin-Light-EUC-H',0,69120,48,11,2,0,0,0,1,1,0,0,
	"\245\306\241\274\245\326\245\353")])
]),
mini_line(24,11,2,0,0,0,[
str_block(0,24,11,2,0,0,0,0,0,[
str_seg('white','Ryumin-Light-EUC-H',0,69120,24,11,2,0,0,0,1,1,0,0,
	"\275\320\316\317")])
])
])]).
text('white',521,432,2,0,1,72,26,21,11,2,0,0,0,0,2,72,26,0,0,"",0,0,0,0,443,'',[
minilines(72,26,0,0,0,0,0,[
mini_line(72,11,2,0,0,0,[
str_block(0,72,11,2,0,0,0,0,0,[
str_seg('white','Ryumin-Light-EUC-H',0,69120,72,11,2,0,0,0,1,1,0,0,
	"\245\253\245\271\245\277\245\336\245\244\245\272")])
]),
mini_line(48,11,2,0,0,0,[
str_block(0,48,11,2,0,0,0,0,0,[
str_seg('white','Ryumin-Light-EUC-H',0,69120,48,11,2,0,0,0,1,1,0,0,
	"\262\304\307\275\275\320\316\317")])
])
])]).
group([
box('white','',400,484,504,508,2,2,1,26,0,0,0,0,0,'2',0,[
]),
text('white',404,489,1,0,1,96,13,12,11,2,0,0,0,0,2,96,13,0,0,"",0,0,0,0,500,'',[
minilines(96,13,0,0,0,0,0,[
mini_line(96,11,2,0,0,0,[
str_block(0,96,11,2,0,0,0,0,0,[
str_seg('white','Ryumin-Light-EUC-H',0,69120,96,11,2,0,0,0,1,1,0,0,
	"\306\303\274\354\312\270\273\372\245\257\245\251\241\274\245\310")])
])
])])
],
128,0,0,[
]).
poly('white','',2,[
	392,464,416,484],1,3,1,91,0,0,0,0,0,0,0,'3',0,0,
    "0","",[
    0,12,5,0,'12','5','0'],[0,12,5,0,'12','5','0'],[
]).
poly('white','',2,[
	448,232,448,264],1,3,1,85,0,0,0,0,0,0,0,'3',0,0,
    "0","",[
    0,12,5,0,'12','5','0'],[0,12,5,0,'12','5','0'],[
]).
poly('white','',2,[
	432,352,392,428],1,3,1,81,0,0,0,0,0,0,0,'3',0,0,
    "0","",[
    0,12,5,0,'12','5','0'],[0,12,5,0,'12','5','0'],[
]).
poly('white','',2,[
	448,352,448,428],1,3,1,83,0,0,0,0,0,0,0,'3',0,0,
    "0","",[
    0,12,5,0,'12','5','0'],[0,12,5,0,'12','5','0'],[
]).
poly('white','',2,[
	464,352,544,428],1,3,1,84,0,0,0,0,0,0,0,'3',0,0,
    "0","",[
    0,12,5,0,'12','5','0'],[0,12,5,0,'12','5','0'],[
]).
poly('white','',2,[
	448,288,448,304],1,3,1,86,0,0,0,0,0,0,0,'3',0,0,
    "0","",[
    0,12,5,0,'12','5','0'],[0,12,5,0,'12','5','0'],[
]).
poly('white','',2,[
	448,512,448,536],1,3,1,87,0,0,0,0,0,0,0,'3',0,0,
    "0","",[
    0,12,5,0,'12','5','0'],[0,12,5,0,'12','5','0'],[
]).
poly('white','',2,[
	448,560,448,608],1,3,1,88,0,0,0,0,0,0,0,'3',0,0,
    "0","",[
    0,12,5,0,'12','5','0'],[0,12,5,0,'12','5','0'],[
]).
poly('white','',2,[
	448,464,448,488],1,3,1,89,0,0,0,0,0,0,0,'3',0,0,
    "0","",[
    0,12,5,0,'12','5','0'],[0,12,5,0,'12','5','0'],[
]).
poly('white','',2,[
	296,528,344,528],3,6,7,94,0,0,0,0,0,0,0,'6',0,0,
    "0","",[
    0,20,8,0,'20','8','0'],[0,20,8,0,'20','8','0'],[
]).
group([
text('white',168,433,2,0,1,98,30,96,13,2,0,0,0,0,2,98,30,0,0,"",0,0,0,0,446,'',[
minilines(98,30,0,0,0,0,0,[
mini_line(98,13,2,0,0,0,[
str_block(0,98,13,2,0,0,0,0,0,[
str_seg('white','Ryumin-Light-EUC-H',0,80640,98,13,2,0,0,0,1,1,0,0,
	"\245\352\245\312\245\363\245\320\245\352\245\363\245\260")])
]),
mini_line(28,13,2,0,0,0,[
str_block(0,28,13,2,0,0,0,0,0,[
str_seg('white','Ryumin-Light-EUC-H',0,80640,28,13,2,0,0,0,1,1,0,0,
	"\275\320\316\317")])
])
])]),
box('white','',160,424,288,480,0,2,1,97,0,0,0,0,0,'2',0,[
])
],
129,0,0,[
]).
text('white',512,584,1,0,1,123,15,101,11,2,0,0,0,0,2,123,15,0,0,"",0,0,0,0,596,'',[
minilines(123,15,0,0,0,0,0,[
mini_line(123,12,3,0,0,0,[
str_block(0,84,11,2,0,0,0,0,0,[
str_seg('white','Ryumin-Light-EUC-H',0,69120,84,11,2,0,0,0,1,1,0,0,
	"\275\320\316\317\245\263\241\274\245\311\301\252\302\362")]),
str_block(0,39,12,3,0,-2,0,0,0,[
str_seg('white','Times-Roman',0,69120,39,12,3,0,-2,0,0,0,0,0,
	"(-j, -s)")])
])
])]).
text('white',576,281,1,0,1,84,13,102,11,2,0,0,0,0,2,84,13,0,0,"",0,0,0,0,292,'',[
minilines(84,13,0,0,0,0,0,[
mini_line(84,11,2,0,0,0,[
str_block(0,84,11,2,0,0,0,0,0,[
str_seg('white','Ryumin-Light-EUC-H',0,69120,84,11,2,0,0,0,1,1,0,0,
	"\275\320\316\317\245\252\245\327\245\267\245\347\245\363")])
])
])]).
text('white',576,257,1,0,1,84,13,103,11,2,0,0,0,0,2,84,13,0,0,"",0,0,0,0,268,'',[
minilines(84,13,0,0,0,0,0,[
mini_line(84,11,2,0,0,0,[
str_block(0,84,11,2,0,0,0,0,0,[
str_seg('white','Ryumin-Light-EUC-H',0,69120,84,11,2,0,0,0,1,1,0,0,
	"\262\362\300\317\245\252\245\327\245\267\245\347\245\363")])
])
])]).
poly('white','',2,[
	576,264,512,328],1,1,1,104,0,0,1,0,0,0,0,'1',0,0,
    "0","",[
    0,8,3,0,'8','3','0'],[0,8,3,0,'8','3','0'],[
]).
poly('white','',2,[
	576,288,536,384],1,1,1,105,0,0,1,0,0,0,0,'1',0,0,
    "0","",[
    0,8,3,0,'8','3','0'],[0,8,3,0,'8','3','0'],[
]).
poly('white','',2,[
	568,584,520,552],1,1,1,106,0,0,1,0,0,0,0,'1',0,0,
    "0","",[
    0,8,3,0,'8','3','0'],[0,8,3,0,'8','3','0'],[
]).
group([
polygon('white','',9,[
	192,624,192,680,256,680,256,608,208,608,192,624,204,624,208,608,
	192,624],2,2,1,0,109,0,0,0,0,0,'2',0,
    "000",[
]),
text('white',200,633,2,0,1,48,26,110,11,2,0,0,0,0,2,48,26,0,0,"",0,0,0,0,644,'',[
minilines(48,26,0,0,0,0,0,[
mini_line(48,11,2,0,0,0,[
str_block(0,48,11,2,0,0,0,0,0,[
str_seg('white','Ryumin-Light-EUC-H',0,69120,48,11,2,0,0,0,1,1,0,0,
	"\244\331\244\277\275\361\244\255")])
]),
mini_line(24,11,2,0,0,0,[
str_block(0,24,11,2,0,0,0,0,0,[
str_seg('white','Ryumin-Light-EUC-H',0,69120,24,11,2,0,0,0,1,1,0,0,
	"\312\270\275\361")])
])
])])
],
130,0,0,[
]).
text('white',713,264,2,0,1,72,26,120,11,2,0,0,0,0,2,72,26,0,0,"",0,0,0,0,275,'',[
minilines(72,26,0,0,0,0,0,[
mini_line(72,11,2,0,0,0,[
str_block(0,72,11,2,0,0,0,0,0,[
str_seg('white','Ryumin-Light-EUC-H',0,69120,72,11,2,0,0,0,1,1,0,0,
	"\245\253\245\271\245\277\245\336\245\244\245\272")])
]),
mini_line(48,11,2,0,0,0,[
str_block(0,48,11,2,0,0,0,0,0,[
str_seg('white','Ryumin-Light-EUC-H',0,69120,48,11,2,0,0,0,1,1,0,0,
	"\245\325\245\241\245\244\245\353")])
])
])]).
poly('white','',2,[
	712,296,596,428],1,1,1,122,0,0,0,0,0,0,0,'1',0,0,
    "0","",[
    0,8,3,0,'8','3','0'],[0,8,3,0,'8','3','0'],[
]).
poly('white','',2,[
	224,560,224,608],1,3,1,124,0,0,0,0,0,0,0,'3',0,0,
    "0","",[
    0,12,5,0,'12','5','0'],[0,12,5,0,'12','5','0'],[
]).
box('white','',152,384,296,688,0,1,1,125,1,0,0,0,0,'1',0,[
]).
box('white','',344,384,600,696,0,1,1,127,1,0,0,0,0,'1',0,[
]).
box('white','',648,376,904,688,0,1,1,128,1,0,0,0,0,'1',0,[
]).
group([
polygon('white','',9,[
	744,624,744,680,808,680,808,608,760,608,744,624,756,624,760,608,
	744,624],2,2,1,0,114,0,0,0,0,0,'2',0,
    "000",[
]),
text('white',748,636,1,0,1,55,20,115,15,5,0,0,0,0,2,55,20,0,0,"",0,0,0,0,651,'',[
minilines(55,20,0,0,0,0,0,[
mini_line(55,15,5,0,0,0,[
str_block(0,55,15,5,0,-1,0,0,0,[
str_seg('white','Courier-Bold',1,103680,55,15,5,0,-1,0,0,0,0,0,
	"troff")])
])
])])
],
131,0,0,[
]).
poly('white','',2,[
	600,528,648,528],3,6,7,129,0,0,0,0,0,0,0,'6',0,0,
    "0","",[
    0,20,8,0,'20','8','0'],[0,20,8,0,'20','8','0'],[
]).
group([
polygon('white','',11,[
	656,392,900,392,900,416,808,416,796,424,796,468,820,476,900,476,
	900,512,656,512,656,392],2,1,1,0,107,0,0,0,0,0,'1',0,
    "000",[
]),
box('white','',720,484,824,508,2,2,1,71,0,0,0,0,0,'2',0,[
]),
box('white','',822,428,900,464,2,2,1,72,0,0,0,0,0,'2',0,[
]),
box('white','',728,428,780,464,2,2,1,73,0,0,0,0,0,'2',0,[
]),
text('white',696,400,1,0,1,52,17,74,14,3,0,0,0,0,2,52,17,0,0,"",0,0,0,0,414,'',[
minilines(52,17,0,0,0,0,0,[
mini_line(52,14,3,0,0,0,[
str_block(0,24,14,3,0,0,0,0,0,[
str_seg('white','Times-Roman',0,80640,24,14,3,0,0,0,0,0,0,0,
	"troff")]),
str_block(0,28,13,2,0,0,0,0,0,[
str_seg('white','Ryumin-Light-EUC-H',0,80640,28,13,2,0,0,0,1,1,0,0,
	"\275\320\316\317")])
])
])]),
group([
box('white','',678,428,718,464,2,2,1,76,0,0,0,0,0,'2',0,[
]),
text('white',680,433,2,0,1,36,26,77,11,2,0,0,0,0,2,36,26,0,0,"",0,0,0,0,444,'',[
minilines(36,26,0,0,0,0,0,[
mini_line(36,11,2,0,0,0,[
str_block(0,36,11,2,0,0,0,0,0,[
str_seg('white','Ryumin-Light-EUC-H',0,69120,36,11,2,0,0,0,1,1,0,0,
	"\245\352\245\271\245\310")])
]),
mini_line(24,11,2,0,0,0,[
str_block(0,24,11,2,0,0,0,0,0,[
str_seg('white','Ryumin-Light-EUC-H',0,69120,24,11,2,0,0,0,1,1,0,0,
	"\275\320\316\317")])
])
])])
],
132,0,0,[
]),
text('white',730,433,2,0,1,48,26,78,11,2,0,0,0,0,2,48,26,0,0,"",0,0,0,0,444,'',[
minilines(48,26,0,0,0,0,0,[
mini_line(48,11,2,0,0,0,[
str_block(0,48,11,2,0,0,0,0,0,[
str_seg('white','Ryumin-Light-EUC-H',0,69120,48,11,2,0,0,0,1,1,0,0,
	"\245\306\241\274\245\326\245\353")])
]),
mini_line(24,11,2,0,0,0,[
str_block(0,24,11,2,0,0,0,0,0,[
str_seg('white','Ryumin-Light-EUC-H',0,69120,24,11,2,0,0,0,1,1,0,0,
	"\275\320\316\317")])
])
])]),
text('white',825,432,2,0,1,72,26,79,11,2,0,0,0,0,2,72,26,0,0,"",0,0,0,0,443,'',[
minilines(72,26,0,0,0,0,0,[
mini_line(72,11,2,0,0,0,[
str_block(0,72,11,2,0,0,0,0,0,[
str_seg('white','Ryumin-Light-EUC-H',0,69120,72,11,2,0,0,0,1,1,0,0,
	"\245\253\245\271\245\277\245\336\245\244\245\272")])
]),
mini_line(48,11,2,0,0,0,[
str_block(0,48,11,2,0,0,0,0,0,[
str_seg('white','Ryumin-Light-EUC-H',0,69120,48,11,2,0,0,0,1,1,0,0,
	"\262\304\307\275\275\320\316\317")])
])
])]),
text('white',724,489,1,0,1,96,13,80,11,2,0,0,0,0,2,96,13,0,0,"",0,0,0,0,500,'',[
minilines(96,13,0,0,0,0,0,[
mini_line(96,11,2,0,0,0,[
str_block(0,96,11,2,0,0,0,0,0,[
str_seg('white','Ryumin-Light-EUC-H',0,69120,96,11,2,0,0,0,1,1,0,0,
	"\306\303\274\354\312\270\273\372\245\257\245\251\241\274\245\310")])
])
])])
],
133,0,0,[
]).
group([
text('white',738,541,1,0,1,84,13,131,11,2,0,0,0,0,2,84,13,0,0,"",0,0,0,0,552,'',[
minilines(84,13,0,0,0,0,0,[
mini_line(84,11,2,0,0,0,[
str_block(0,84,11,2,0,0,0,0,0,[
str_seg('white','Ryumin-Light-EUC-H',0,69120,84,11,2,0,0,0,1,1,0,0,
	"\275\320\316\317\245\263\241\274\245\311\312\321\264\271")])
])
])]),
box('white','',712,536,840,560,0,2,1,132,0,0,0,0,0,'2',0,[
])
],
134,0,0,[
]).
poly('white','',2,[
	776,512,776,536],1,3,1,133,0,0,0,0,0,0,0,'3',0,0,
    "0","",[
    0,12,5,0,'12','5','0'],[0,12,5,0,'12','5','0'],[
]).
poly('white','',2,[
	776,560,776,608],1,3,1,134,0,0,0,0,0,0,0,'3',0,0,
    "0","",[
    0,12,5,0,'12','5','0'],[0,12,5,0,'12','5','0'],[
]).
group([
text('white',186,541,1,0,1,84,13,136,11,2,0,0,0,0,2,84,13,0,0,"",0,0,0,0,552,'',[
minilines(84,13,0,0,0,0,0,[
mini_line(84,11,2,0,0,0,[
str_block(0,84,11,2,0,0,0,0,0,[
str_seg('white','Ryumin-Light-EUC-H',0,69120,84,11,2,0,0,0,1,1,0,0,
	"\275\320\316\317\245\263\241\274\245\311\312\321\264\271")])
])
])]),
box('white','',160,536,288,560,0,2,1,137,0,0,0,0,0,'2',0,[
])
],
138,0,0,[
]).
poly('white','',2,[
	224,480,224,536],1,3,1,138,0,0,0,0,0,0,0,'3',0,0,
    "0","",[
    0,12,5,0,'12','5','0'],[0,12,5,0,'12','5','0'],[
]).
box('white','',712,260,788,296,0,2,1,143,0,0,0,0,0,'2',0,[
]).
